-0.08649145
-0.08499051
-0.08649145
-0.08499051
-0.08649145
-90.074326
-0.08499051
-0.08332279
-100.07499
-100.07147
-190.06433
-100.07147
-90.074326
-90.07041
-0.081469774
-0.079410866
-100.071465
-100.06712
-190.06041
-100.06712
-90.07041
-0.074581325
-0.07712319
-0.074581325
-0.07712317
-0.07175703
-0.074580014
-0.07175703
-0.07458088
-0.06861893
-0.07175703
-0.06861893
-0.07175702
-0.06513215
-0.06861893
-0.06513215
-0.068610795
-0.06513215
-0.06513215
-0.061257944
-0.08499051
-0.08332279
-0.08649145
-0.08332279
-0.08499051
-0.081469774
-0.08499051
-0.081469774
-0.08332279
-0.079410866
-90.074326
-90.07041
-0.081469774
-0.07712319
-0.081469774
-0.07712319
-0.079410866
-0.074581325
-90.07041
-0.074581325
-0.07712319
-0.07175703
-0.07712319
-0.07175703
-0.074581325
-0.06861893
-0.074581325
-0.06861893
-0.07175703
-0.06513215
-0.07175703
-0.06513215
-0.06861893
-0.061257944
-0.06861893
-0.061257944
-0.06513215
-0.061257944
-0.06513215
-0.056953274
-0.08332279
-0.081469774
-0.08499051
-0.081469774
-0.08332279
-90.07041
-0.08332279
-0.079410866
-100.07147
-100.06712
-100.07147
-100.06712
-90.07041
-0.074581325
-0.079410866
-0.074581325
-0.07712319
-0.07175703
-0.07712319
-0.07175703
-0.074581325
-0.06861893
-0.074581325
-90.059616
-0.07175703
-0.06513215
-0.07175703
-0.06513215
-0.06861893
-0.061257944
-0.06861893
-0.061257944
-0.06513215
-0.056953274
-0.06513215
-0.056953274
-0.061257944
-0.056953274
-0.061257944
-0.052170306
-0.081469744
-0.079410866
-0.083322786
-0.079410866
-0.081469744
-0.07712319
-0.081469774
-0.07712319
-0.079410866
-0.074581325
-90.07041
-0.074581325
-0.07712319
-0.07175703
-0.07712317
-0.07175703
-0.074581325
-90.059616
-0.074581325
-0.06861893
-100.06176
-100.05513
-100.06175
-100.05513
-90.05942
-0.061257944
-0.06861892
-90.05225
-0.06513215
-0.056953274
-0.06513215
-0.056953274
-0.061257944
-0.052170306
-0.061257944
-0.052170306
-0.056953274
-0.052170306
-0.056953274
-0.046855897
-0.079410635
-0.07712319
-0.08146974
-0.07712319
-0.07941083
-0.074581325
-0.07941063
-0.074581325
-0.07712157
-0.07175703
-0.07712308
-0.07175703
-0.074581325
-0.06861893
-0.074581325
-90.059616
-0.07175703
-0.06513215
-0.07175703
-0.06513215
-0.06861893
-90.05225
-90.059616
-0.061257944
-100.05513
-100.04695
-100.05512
-100.04695
-90.05225
-0.052170306
-0.061257944
-0.052170306
-0.056953274
-0.046855897
-0.056953274
-0.046855897
-0.052170306
-0.046855897
-0.052170306
-0.040951
-0.07712294
-0.074581325
-0.07941029
-0.074581325
-0.077123135
-0.07175703
-0.07712193
-0.07175703
-0.07457758
-90.059616
-0.07458112
-0.06861893
-100.06164
-100.05513
-100.06176
-190.04613
-90.059616
-0.061257944
-0.06861884
-0.061257944
-0.06513215
-0.056953274
-0.06513215
-0.056953274
-0.061257944
-0.052170306
-90.05225
-0.052170306
-0.056953274
-0.046855897
-0.056953274
-0.046855897
-0.052170306
-0.040951
-0.052170306
-0.040951
-0.046855897
-0.040951
-0.046855897
-0.03439
-0.07458132
-0.07175703
-0.077123076
-0.07175703
-0.074580595
-0.06861893
-0.07457868
-0.06861893
-0.07175703
-90.05613
-0.071729295
-0.06513215
-100.05857
-100.051254
-190.04962
-100.051254
-90.05613
-0.056953274
-0.06513185
-0.056953274
-0.061257463
-0.052170306
-0.061255608
-90.043175
-0.056953274
-0.046855897
-0.056953274
-0.046855897
-0.052170306
-0.040951
-0.052170306
-0.040951
-0.046855897
-0.03439
-0.046855897
-0.03439
-0.040951
-0.03439
-0.040951
-0.027099999
-0.07175563
-0.06861893
-0.07457901
-0.06861893
-0.071756996
-0.06513215
-0.07175554
-0.06513215
-0.068618864
-0.061257944
-0.06861872
-0.061257944
-0.065131664
-0.056953274
-90.05613
-0.056953274
-0.061257932
-90.043175
-0.061257903
-0.052170306
-100.046936
-100.03686
-100.04695
-100.03686
-90.043175
-0.040951
-0.052170284
-0.040951
-0.046855897
-0.03439
-0.046855897
-90.02539
-0.040951
-0.027099999
-0.040951
-0.027099999
-0.03439
-0.027099999
-0.03439
-0.019
-0.06844156
-0.06513215
-0.07142555
-0.06513215
-0.06861735
-0.061257944
-0.06860689
-0.061257944
-0.0651319
-0.056953274
-0.065117866
-0.056953274
-0.061257776
-0.052170306
-0.061257944
-0.052170306
-0.056953274
-0.046855897
-0.056953274
-0.046855897
-0.052170306
-0.040951
-90.043175
-0.040951
-0.046855897
-90.02539
-0.046855897
-0.03439
-100.03095
-100.0171
-100.03095
-100.0171
-90.02539
-0.019
-0.03439
-0.019
-0.027099999
-0.019
-0.027099999
-0.01
-0.06513014
-0.061257944
-0.06848616
-0.06512958
-0.06513146
-0.056953274
-0.065126225
-0.061256796
-0.061257906
-0.052170306
-0.06125794
-0.05695326
-0.056953274
-0.046855897
-0.056953084
-0.052170306
-0.052170306
-0.040951
-0.052170306
-0.046855725
-0.046855897
-0.03439
-0.046855897
-0.040951
-0.040951
-0.027099999
-0.040951
-0.03439
-0.03439
-0.019
-90.02539
-0.027099999
-0.027099999
-0.01
-0.027099999
-0.019
0.0
0.0
0.0
0.0
75
22
53
35
63
2
46
4
87
35
